3.302317
3.690583
4.083341
4.528858
4.922554
5.336112
5.731649
6.18825
6.593309
7.049555
7.428794
7.832706
8.248128
8.654072
9.039235
9.455812
9.851693
10.30119
10.7118
11.12283
11.5352
11.95169
12.2962
13.25102
13.59775
13.77425
13.97418
14.40505
14.81079
15.20992
15.42414
15.83811
16.0712
16.46678
16.8809
17.0771
17.28632
17.71682
18.1321
18.55389
18.74631
19.18145
19.37542
19.77596
20.18714
20.37257
20.62231
21.04263
21.46717
21.86731
22.04876
22.26701
22.69559
23.13883
23.52256
23.72196
23.90833
24.34896
24.72744
25.14329
25.36328
25.81246
26.01698
26.44408
26.79808
27.0664
27.26715
27.66339
27.88442
28.09392
28.41576
28.70957
29.49812
29.73138
30.04122
30.30161
30.70376
30.91375
31.16326
31.40005
31.69025
31.9826
32.56005
32.8412
33.06051
33.34701
33.63163
34.49623
34.70382
34.98565
35.29465
35.70624
35.92267
36.35454
36.66872
36.93562
37.78196
38.02642
38.28633
38.60868
39.03272
39.22963
39.47884
39.69333
46.34733
46.75286
46.91969
47.50041
47.91169
48.39035
48.56621
49.61196
50.02135
50.22075
51.24422
51.67196
51.86626
52.92448
53.34674
53.59921
54.38742
54.52054
54.84002
55.13923
56.21909
56.48706
56.78981
57.66194
57.86432
58.1439
58.43343
59.82187
60.16792
60.97357
61.15659
61.4661
61.75133
62.19912
62.39631
62.82178
63.13668
63.44653
64.25072
64.44733
64.74783
65.06079
65.52888
65.72845
66.14595
69.49007
69.70544
69.90219
70.13537
70.31291
70.50643
70.71288
